y[0]=0(0)
y[1]=0.951057(0.951057)
y[2]=0.587785(0.587785)
y[3]=-0.587785(-0.587785)
y[4]=-0.951057(-0.951057)
